695001 , 8.497301799999999 , 76.9484624
695002 , 8.4590193 , 76.9671865
695003 , 8.517681999999999 , 76.9556643
695004 , 8.527835900000001 , 76.938379
695005 , 8.5339909 , 76.96142549999999
695006 , 8.502741799999999 , 76.9902276
695007 , 8.4540724 , 76.9398195
695008 , 8.4789288 , 76.9210913
695009 , 8.466389 , 76.94702199999999
695010 , 8.507332300000002 , 76.9671865
695011 , 8.5292447 , 76.9009191
695012 , 8.486245 , 76.97870759999999
695013 , 8.5323802 , 76.99310740000001
695014 , 8.4963984 , 76.96142549999999
695015 , 8.5546951 , 76.938379
695016 , 8.544162199999999 , 76.905242
695017 , 8.5487325 , 76.9210913
695018 , 8.4705469 , 76.9768979
695019 , 8.470722900000002 , 76.9959872
695020 , 8.4520349 , 76.9988669
695021 , 8.5101566 , 76.8922729
695022 , 8.5362162 , 76.86921339999999
695023 , 8.479709099999999 , 76.944141
695024 , 8.490054299999999 , 76.9326167
695025 , 8.5322073 , 76.9484624
695026 , 8.4423406 , 76.94990279999999
695027 , 8.4349714 , 76.97006689999999
695028 , 8.595692999999999 , 76.958545
695029 , 8.505572599999999 , 76.9153281
695030 , 8.5225405 , 76.9801476
695030 , 8.5194 , 76.9188
695032 , 8.481653099999999 , 77.0017465
695033 , 8.511529399999999 , 76.9326167
695034 , 8.502866 , 76.954224
695035 , 8.5009866 , 76.938379
695036 , 8.4813919 , 76.954224
695038 , 8.5134825 , 76.9902276
695039 , 8.4985387 , 76.9495991
695040 , 8.4772374 , 76.97148
695042 , 8.4231993 , 77.0190228
695043 , 8.5534805 , 76.98158769999999
695099 , 8.5155646 , 76.9625057
695101 , 8.6873107 , 76.8086617
695102 , 8.7251829 , 76.8144298
695103 , 8.699685299999999 , 76.854799
695104 , 8.6665985 , 76.8317325
695120 , 8.3406 , 77.1169
695121 , 8.393311299999999 , 77.0881034
695122 , 8.3545141 , 77.1312586
695123 , 8.3955165 , 77.0737149
695124 , 8.435935599999999 , 77.1600201
695125 , 8.4788935 , 77.1600201
695126 , 8.4280882 , 77.0852258
695127 , 9.8580 , 77.0133
695130 , 8.4618 , 77.1313
695131 , 8.4165 , 77.1082
695132 , 8.361704999999999 , 77.1053673
695133 , 8.355585099999999 , 77.0823482
695141 , 8.727514 , 76.7278803
695142 , 8.7257409 , 76.7538514
695143 , 8.750269 , 76.7625073
695144 , 8.7187866 , 76.7855866
695145 , 8.760219 , 76.7394237
695146 , 8.7903498 , 76.7538514
695301 , 8.5813805 , 76.854799
695302 , 8.6102 , 76.8346
695303 , 8.6094413 , 76.81154579999999
695304 , 8.665390799999999 , 76.7971247
695305 , 8.644283 , 76.8086617
695306 , 8.6860977 , 76.7740475
695307 , 8.6954826 , 76.7306345
695308 , 8.6934573 , 76.7538514
695309 , 8.6669695 , 76.7653924
695310 , 8.792118499999999 , 76.7278803
695311 , 8.769344799999999 , 76.69324379999999
695312 , 8.7063986 , 76.7394237
695313 , 8.7742548 , 76.8317325
695314 , 8.6619 , 76.8130
695315 , 8.5897 , 76.8338
695316 , 8.6000896 , 76.8519159
695317 , 8.634732099999999 , 76.8432663
695318 , 8.7098006 , 76.7596221
695501 , 8.4158248 , 77.03917539999999
695502 , 8.3449221 , 77.1657716
695503 , 8.3839 , 77.1284
695504 , 8.3882053 , 77.1772737
695505 , 8.4637343 , 77.1887747
695506 , 8.318824 , 77.1053673
695507 , 8.4567 , 77.0593
695508 , 8.3737554 , 77.1456402
695509 , 8.4021 , 77.0305
695510 , 8.4785 , 77.1873
695512 , 8.4495563 , 77.0852258
695513 , 8.3001656 , 77.10824439999999
695521 , 8.3691898 , 77.0075055
695522 , 8.421850599999999 , 76.97870759999999
695523 , 8.393220099999999 , 77.004626
695524 , 8.367751 , 77.04493269999999
695525 , 8.3337661 , 77.070837
695526 , 8.3437253 , 77.0478112
695527 , 8.403175899999999 , 76.98158769999999
695541 , 8.6187791 , 77.004626
695542 , 8.605582799999999 , 77.09098089999999
695543 , 8.5610044 , 77.04493269999999
695544 , 8.634300699999999 , 77.0101923
695547 , 8.6025 , 77.0032
695551 , 8.640597999999999 , 77.17152279999999
695557 , 8.6264453 , 76.967005
695560 , 8.6876 , 76.9747
695561 , 8.6179907 , 76.98158769999999
695562 , 8.6949121 , 77.02766
695563 , 8.766738199999999 , 77.0794705
695564 , 8.5753702 , 76.99310740000001
695571 , 8.4802271 , 77.03917539999999
695572 , 8.520336499999999 , 77.1139984
695573 , 8.5116728 , 77.01614359999999
695574 , 8.563336999999999 , 77.1139984
695575 , 8.5462404 , 77.0852258
695581 , 8.5610783 , 76.88939069999999
695582 , 8.5577001 , 76.86921339999999
695583 , 8.332316 , 77.10824439999999
695584 , 8.6148215 , 76.88939069999999
695585 , 8.5793886 , 76.8749787
695586 , 8.58357 , 76.840383
695587 , 8.5726146 , 76.9124465
695588 , 8.5759923 , 76.9326167
695601 , 8.735625899999999 , 76.87405580000001
695602 , 8.816542199999999 , 76.8086617
695603 , 8.7941702 , 76.7855866
695604 , 8.8385126 , 76.8201976
695605 , 8.7730325 , 76.7971247
695606 , 8.7120591 , 76.9009191
695607 , 8.6813627 , 76.94702199999999
695608 , 8.7451723 , 76.9239727
695609 , 8.753167 , 76.9988669
695610 , 8.7248325 , 76.958545
695611 , 8.743314 , 76.7942403
695612 , 8.7285528 , 76.86767259999999
695614 , 8.7970262 , 76.86633069999999
695615 , 8.6438957 , 76.9527836
695616 , 8.7625 , 76.9891
695618 , 8.7358 , 76.8476
